Тест         Эталон       Результат   Погрешность     
tsp_100_1	   24373,395	  24659		    0,01158218095   Средняя погрешность: 0,02
tsp_100_2	   24677,906	  25830	  	  0,04460294232
tsp_100_3	   27700,06	    23520		   -0,1777236395
tsp_100_4	   24447,086	  24810		    0,01462773075
tsp_100_5	   25773,277	  24874		   -0,03615329259
tsp_100_6	   8928,46	    9380	    	0,04813859275
tsp_1000_1	 22167385,87	22449178		0,01255244758
tsp_101_1	   689,954	    709		      0,02686318759
tsp_105_1	   15873,432	  16914		    0,06152110678
tsp_1060_1	 248137,372	  272284	  	0,08868177344
tsp_107_1	   47222,923	  46853		   -0,007895396239
tsp_1084_1	 265153,235	  292002	   	0,09194719557
tsp_1173_1	 63356,99	    70129		    0,09656504442
tsp_124_1	   63099,894	  67039	     	0,0587584242
tsp_127_1	   143295,955	  131005		 -0,09382050303
tsp_1291_1	 57189,06	    58834		    0,0279590033
tsp_1304_1	 289240,504	  307370		  0,05898264632
tsp_1323_1	 309490,167	  312656	   	0,0101256109
tsp_136_1	   111539,266	  114538	    0,02618112766
tsp_1379_1	 63839,922	  67962		    0,06065268827
tsp_1400_1	 22579,379	  24884		    0,09261457161
tsp_1432_1	 170000,605	  186368		  0,08782299
tsp_144_1	   62998,159	  60946		   -0,03367175861
tsp_150_1	   31271,367	  31417		    0,004635483974
tsp_150_2	   29640,854	  31253		    0,05158371996
tsp_152_1	   77724,849	  79502		    0,02235353828
tsp_1577_1	 24430,998	  24422		   -0,0003684382933
tsp_159_1	   42975,849	  51083		    0,1587054597
tsp_1655_1	 71920,58	    74164		    0,03024944717
tsp_1748_1	 377553,075	  405912		  0,06986471206
tsp_1817_1	 65461,985	  68138		    0,03927345974
tsp_1889_1	 368168,066	  374226	  	0,0161879025
tsp_195_1  	 2562,498	    2567		    0,001753798208
tsp_198_1	   16445,756	  17971		    0,08487251683
tsp_200_1	   33283,472	  34458		   -0,8520656613
tsp_200_2	   32986,963	  34767		    0,05119903932
tsp_2103_1	 89773,499	  85364	  	 -0,0516552528
tsp_2152_1	 73557,28	    76146		    0,03399679563
tsp_225_1	   141351,224	  136543	   -0,0352139912
tsp_226_1	   90543,372	  92635		    0,02257924111
tsp_2319_1	 255588,515	  271904		  0,06000457882
tsp_2392_1	 378062,826	  458264		  0,175010854
tsp_262_1	   2687,772	    2728		    0,01474633431
tsp_264_1	   55830,651	  54483		   -0,02473525687
tsp_299_1	   53901,704	  58249		    0,07463297224
tsp_3038_1	 155055,147  	168883		  0,08187830036
tsp_318_1	   47708,516	  49139		    0,02911097092
tsp_318_2	   47708,516	  49139		    0,02911097092
tsp_3795_1	 32201,906	  33726		    0,04519047619
tsp_400_1	   17608,833	  17695		    0,004869567674
tsp_417_1	   13390,59	    13725		    0,02436502732
tsp_439_1	   117242,438   127156		  0,07796377678
tsp_442_1	   56253,27	    58782		    0,04301878126
tsp_4461_1	 206362,348	  217991		  0,05334464267
tsp_493_1	   38020,776	  41622		    0,08652212772
tsp_5_1	     4	          3		       -0,3333333333
tsp_51_1	   473,21	      482		      0,01823651452
tsp_574_1	   39403,35	    45139		    0,1270663949
tsp_575_1	   7581,916	    7960		    0,04749798995
tsp_5915_1	 654490,872	  674897	   	0,03023591452
tsp_5934_1	 646471,814	  666654	   	0,0302738542
tsp_654_1	   36445,809	  43099		    0,1543699622
tsp_657_1	   54628,44	    60763		    0,1009588072
tsp_70_1	   720,722	    760		      0,05168157895
tsp_724_1	   47899,693	  49311		    0,02862053092
tsp_7397_1	 25984409,28	27770338		0,06431065837
tsp_76_1	   586,61	      600		      0,02231666667
tsp_76_2	   127913,159	  130903		  0,02284012589
tsp_783_1	   9885,706	    10293		    0,03956999903
tsp_99_1	   1347,553	    1392		    0,03193031609
