Тест            Эталон    Результат           Погрешность:
ks_4_0	        19	      18		              0,05263157895		
ks_19_0	        11080	    12248	             -0,1054151625		 Средний %: 0,05653084301
ks_10000_0	    993511	  Долго работает		  1		
ks_1000_0	      99124	    109899		         -0,1087022315		
ks_100_0	      93045	    99837		           -0,07299693697		
ks_100_1	      1272176	  1333930		         -0,04854202563		
ks_100_2	      9816	    10892		           -0,1096169519		
ks_200_0	      99090	    100236		         -0,01156524372		
ks_200_1	      1067697	  1103604		         -0,03363032771		
ks_300_0	      1638698	  1688688		         -0,03050592605		
ks_30_0	        99045	    99798	             -0,007602604877		
ks_400_0	      3879439	  Долго работает	  	1		
ks_40_0	        99090	    99924		           -0,008416590978		
ks_45_0	        20939	    23974		           -0,1449448398		
ks_500_0	      48984	    54938	             -0,1215498938		
ks_50_0	        132960	  142156	           -0,06916365824		
ks_50_1	        4630	    5345		           -0,1544276458		
ks_60_0	        99045	    99837		           -0,007996365289		
